0 1 3 18 0

0 1 3 18 0
1 2 18 18 0

0 1 3 18 0
1 2 18 18 0
2 3 18 16 0

0 1 3 18 0
1 2 18 18 0
2 3 18 18 0

0 1 3 18 0
1 2 18 18 0
2 3 18 18 0
3 4 18 18 0

0 1 3 18 0
1 2 18 18 0
2 3 18 18 0
3 4 18 18 0
4 5 18 18 0

0 1 3 18 0
1 2 18 18 0
2 3 18 18 0
3 4 18 18 0
4 5 18 18 0
5 6 18 18 0

0 1 3 18 0
1 2 18 18 0
1 3 18 18 0

0 1 11 16 0

0 1 11 16 0
0 2 11 18 0

0 1 11 18 0

0 1 11 18 0
1 2 18 11 0

0 1 11 18 0
1 2 18 16 0

0 1 11 18 0
1 2 18 16 0
1 3 18 16 0

0 1 11 18 0
1 2 18 16 0
1 3 18 18 0

0 1 11 18 0
1 2 18 16 0
0 3 11 18 0

0 1 11 18 0
1 2 18 16 0
0 3 11 18 0
1 2 18 16 0

0 1 11 18 0
1 2 18 18 0

0 1 11 18 0
1 2 18 18 0
2 3 18 16 0

0 1 11 18 0
1 2 18 18 0
2 3 18 16 0
2 4 18 16 0

0 1 11 18 0
1 2 18 18 0
2 3 18 16 0
2 4 18 18 0

0 1 11 18 0
1 2 18 18 0
2 3 18 16 0
2 4 18 18 0
1 4 18 18 0

0 1 11 18 0
1 2 18 18 0
2 3 18 16 0
2 4 18 18 0
0 4 11 18 0

0 1 11 18 0
1 2 18 18 0
2 3 18 16 0
1 4 18 18 0

0 1 11 18 0
1 2 18 18 0
2 3 18 16 0
1 4 18 18 0
2 3 18 18 0

0 1 11 18 0
1 2 18 18 0
2 3 18 16 0
0 4 11 18 0

0 1 11 18 0
1 2 18 18 0
2 3 18 16 0
0 4 11 18 0
1 2 18 18 0

0 1 11 18 0
1 2 18 18 0
2 3 18 18 0

0 1 11 18 0
1 2 18 18 0
2 3 18 18 0
3 4 18 16 0

0 1 11 18 0
1 2 18 18 0
2 3 18 18 0
3 4 18 16 0
3 5 18 18 0

0 1 11 18 0
1 2 18 18 0
2 3 18 18 0
3 4 18 16 0
3 5 18 18 0
2 5 18 16 0

0 1 11 18 0
1 2 18 18 0
2 3 18 18 0
3 4 18 16 0
3 5 18 18 0
2 5 18 18 0

0 1 11 18 0
1 2 18 18 0
2 3 18 18 0
3 4 18 16 0
3 5 18 18 0
1 5 18 18 0

0 1 11 18 0
1 2 18 18 0
2 3 18 18 0
3 4 18 16 0
2 5 18 18 0

0 1 11 18 0
1 2 18 18 0
2 3 18 18 0
3 4 18 16 0
2 5 18 18 0
3 4 18 18 0

0 1 11 18 0
1 2 18 18 0
2 3 18 18 0
3 4 18 16 0
1 5 18 18 0

0 1 11 18 0
1 2 18 18 0
2 3 18 18 0
3 4 18 16 0
1 5 18 18 0
2 3 18 16 0

0 1 11 18 0
1 2 18 18 0
2 3 18 18 0
3 4 18 16 0
0 5 11 18 0

0 1 11 18 0
1 2 18 18 0
2 3 18 18 0
3 4 18 16 0
0 5 11 18 0
1 2 18 18 0

0 1 11 18 0
1 2 18 18 0
2 3 18 18 0
3 4 18 18 0

0 1 11 18 0
1 2 18 18 0
2 3 18 18 0
3 4 18 18 0
4 5 18 16 0

0 1 11 18 0
1 2 18 18 0
2 3 18 18 0
3 4 18 18 0
4 5 18 16 0
4 6 18 18 0

0 1 11 18 0
1 2 18 18 0
2 3 18 18 0
3 4 18 18 0
4 5 18 16 0
4 6 18 18 0
3 6 18 16 0

0 1 11 18 0
1 2 18 18 0
2 3 18 18 0
3 4 18 18 0
4 5 18 16 0
4 6 18 18 0
3 6 18 18 0

0 1 11 18 0
1 2 18 18 0
2 3 18 18 0
3 4 18 18 0
4 5 18 16 0
4 6 18 18 0
2 6 18 18 0

0 1 11 18 0
1 2 18 18 0
2 3 18 18 0
3 4 18 18 0
4 5 18 16 0
3 6 18 18 0

0 1 11 18 0
1 2 18 18 0
2 3 18 18 0
3 4 18 18 0
4 5 18 16 0
3 6 18 18 0
4 5 18 18 0

0 1 11 18 0
1 2 18 18 0
2 3 18 18 0
3 4 18 18 0
4 5 18 16 0
2 6 18 18 0

0 1 11 18 0
1 2 18 18 0
2 3 18 18 0
3 4 18 18 0
4 5 18 16 0
2 6 18 18 0
3 4 18 16 0

0 1 11 18 0
1 2 18 18 0
2 3 18 18 0
3 4 18 18 0
4 5 18 16 0
1 6 18 18 0

0 1 11 18 0
1 2 18 18 0
2 3 18 18 0
3 4 18 18 0
4 5 18 16 0
1 6 18 18 0
2 3 18 16 0

0 1 11 18 0
1 2 18 18 0
2 3 18 18 0
3 4 18 18 0
4 5 18 16 0
0 6 11 18 0

0 1 11 18 0
1 2 18 18 0
2 3 18 18 0
3 4 18 18 0
4 5 18 18 0

0 1 11 18 0
1 2 18 18 0
2 3 18 18 0
3 4 18 18 0
4 5 18 18 0
5 6 18 16 0

0 1 11 18 0
1 2 18 18 0
2 3 18 18 0
3 4 18 18 0
4 5 18 18 0
5 6 18 16 0
5 7 18 18 0

0 1 11 18 0
1 2 18 18 0
2 3 18 18 0
3 4 18 18 0
4 5 18 18 0
5 6 18 16 0
5 7 18 18 0
4 7 18 16 0

0 1 11 18 0
1 2 18 18 0
2 3 18 18 0
3 4 18 18 0
4 5 18 18 0
5 6 18 16 0
5 7 18 18 0
4 7 18 18 0

0 1 11 18 0
1 2 18 18 0
2 3 18 18 0
3 4 18 18 0
4 5 18 18 0
5 6 18 16 0
5 7 18 18 0
3 7 18 16 0

0 1 11 18 0
1 2 18 18 0
2 3 18 18 0
3 4 18 18 0
4 5 18 18 0
5 6 18 16 0
5 7 18 18 0
3 7 18 18 0

0 1 11 18 0
1 2 18 18 0
2 3 18 18 0
3 4 18 18 0
4 5 18 18 0
5 6 18 16 0
4 7 18 18 0

0 1 11 18 0
1 2 18 18 0
2 3 18 18 0
3 4 18 18 0
4 5 18 18 0
5 6 18 16 0
4 7 18 18 0
5 6 18 18 0

0 1 11 18 0
1 2 18 18 0
2 3 18 18 0
3 4 18 18 0
4 5 18 18 0
5 6 18 16 0
3 7 18 18 0

0 1 11 18 0
1 2 18 18 0
2 3 18 18 0
3 4 18 18 0
4 5 18 18 0
5 6 18 16 0
3 7 18 18 0
4 5 18 16 0

0 1 11 18 0
1 2 18 18 0
2 3 18 18 0
3 4 18 18 0
4 5 18 18 0
5 6 18 16 0
2 7 18 18 0

0 1 11 18 0
1 2 18 18 0
2 3 18 18 0
3 4 18 18 0
4 5 18 18 0
5 6 18 16 0
1 7 18 18 0

0 1 11 18 0
1 2 18 18 0
2 3 18 18 0
3 4 18 18 0
4 5 18 18 0
5 6 18 16 0
1 7 18 18 0
2 3 18 16 0

0 1 11 18 0
1 2 18 18 0
2 3 18 18 0
3 4 18 18 0
4 5 18 18 0
5 6 18 16 0
0 7 11 18 0

0 1 11 18 0
1 2 18 18 0
2 3 18 18 0
3 4 18 18 0
4 5 18 18 0
5 6 18 16 0
0 7 11 18 0
1 2 18 18 0

0 1 11 18 0
1 2 18 18 0
2 3 18 18 0
3 4 18 18 0
4 5 18 18 0
5 6 18 18 0

0 1 11 18 0
1 2 18 18 0
2 3 18 18 0
3 4 18 18 0
4 5 18 18 0
5 6 18 18 0
6 1 18 18 0

0 1 11 18 0
1 2 18 18 0
2 3 18 18 0
3 4 18 18 0
4 5 18 18 0
5 6 18 18 0
6 1 18 18 0
0 7 11 18 0

0 1 11 18 0
1 2 18 18 0
2 3 18 18 0
3 4 18 18 0
4 5 18 18 0
5 6 18 18 0
6 7 18 14 0

0 1 11 18 0
1 2 18 18 0
2 3 18 18 0
3 4 18 18 0
4 5 18 18 0
5 6 18 18 0
6 7 18 16 0

0 1 11 18 0
1 2 18 18 0
2 3 18 18 0
3 4 18 18 0
4 5 18 18 0
5 6 18 18 0
6 7 18 16 0
6 8 18 18 0

0 1 11 18 0
1 2 18 18 0
2 3 18 18 0
3 4 18 18 0
4 5 18 18 0
5 6 18 18 0
6 7 18 16 0
6 8 18 18 0
5 8 18 16 0

0 1 11 18 0
1 2 18 18 0
2 3 18 18 0
3 4 18 18 0
4 5 18 18 0
5 6 18 18 0
6 7 18 16 0
6 8 18 18 0
4 8 18 16 0

0 1 11 18 0
1 2 18 18 0
2 3 18 18 0
3 4 18 18 0
4 5 18 18 0
5 6 18 18 0
6 7 18 16 0
5 8 18 18 0

0 1 11 18 0
1 2 18 18 0
2 3 18 18 0
3 4 18 18 0
4 5 18 18 0
5 6 18 18 0
6 7 18 16 0
4 8 18 18 0

0 1 11 18 0
1 2 18 18 0
2 3 18 18 0
3 4 18 18 0
4 5 18 18 0
5 6 18 18 0
6 7 18 16 0
4 8 18 18 0
5 6 18 16 0

0 1 11 18 0
1 2 18 18 0
2 3 18 18 0
3 4 18 18 0
4 5 18 18 0
5 6 18 18 0
6 7 18 16 0
3 8 18 18 0

0 1 11 18 0
1 2 18 18 0
2 3 18 18 0
3 4 18 18 0
4 5 18 18 0
5 6 18 18 0
6 7 18 16 0
2 8 18 18 0

0 1 11 18 0
1 2 18 18 0
2 3 18 18 0
3 4 18 18 0
4 5 18 18 0
5 6 18 18 0
6 7 18 16 0
2 8 18 18 0
3 4 18 16 0

0 1 11 18 0
1 2 18 18 0
2 3 18 18 0
3 4 18 18 0
4 5 18 18 0
5 6 18 18 0
6 7 18 16 0
1 8 18 18 0

0 1 11 18 0
1 2 18 18 0
2 3 18 18 0
3 4 18 18 0
4 5 18 18 0
5 6 18 18 0
6 7 18 16 0
0 8 11 18 0

0 1 11 18 0
1 2 18 18 0
2 3 18 18 0
3 4 18 18 0
4 5 18 18 0
5 6 18 18 0
6 7 18 18 0

0 1 11 18 0
1 2 18 18 0
2 3 18 18 0
3 4 18 18 0
4 5 18 18 0
5 6 18 18 0
6 7 18 18 0
7 2 18 18 0

0 1 11 18 0
1 2 18 18 0
2 3 18 18 0
3 4 18 18 0
4 5 18 18 0
5 6 18 18 0
6 7 18 18 0
7 8 18 16 0

0 1 11 18 0
1 2 18 18 0
2 3 18 18 0
3 4 18 18 0
4 5 18 18 0
5 6 18 18 0
6 7 18 18 0
7 8 18 16 0
7 9 18 18 0

0 1 11 18 0
1 2 18 18 0
2 3 18 18 0
3 4 18 18 0
4 5 18 18 0
5 6 18 18 0
6 7 18 18 0
7 8 18 16 0
1 9 18 18 0

0 1 11 18 0
1 2 18 18 0
2 3 18 18 0
3 4 18 18 0
4 5 18 18 0
5 6 18 18 0
6 7 18 18 0
7 8 18 18 0

0 1 11 18 0
1 2 18 18 0
2 3 18 18 0
3 4 18 18 0
4 5 18 18 0
5 6 18 18 0
6 7 18 18 0
7 8 18 18 0
8 9 18 16 0

0 1 11 18 0
1 2 18 18 0
2 3 18 18 0
3 4 18 18 0
4 5 18 18 0
5 6 18 18 0
6 7 18 18 0
7 8 18 18 0
8 9 18 18 0

0 1 11 18 0
1 2 18 18 0
2 3 18 18 0
3 4 18 18 0
4 5 18 18 0
5 6 18 18 0
6 7 18 18 0
7 8 18 18 0
8 9 18 18 0
9 10 18 16 0

0 1 11 18 0
1 2 18 18 0
2 3 18 18 0
3 4 18 18 0
4 5 18 18 0
5 6 18 18 0
6 7 18 18 0
5 8 18 18 0

0 1 11 18 0
1 2 18 18 0
2 3 18 18 0
3 4 18 18 0
4 5 18 18 0
5 6 18 18 0
6 7 18 18 0
4 8 18 18 0

0 1 11 18 0
1 2 18 18 0
2 3 18 18 0
3 4 18 18 0
4 5 18 18 0
5 6 18 18 0
6 7 18 18 0
3 8 18 18 0

0 1 11 18 0
1 2 18 18 0
2 3 18 18 0
3 4 18 18 0
4 5 18 18 0
5 6 18 18 0
6 7 18 18 0
1 8 18 18 0

0 1 11 18 0
1 2 18 18 0
2 3 18 18 0
3 4 18 18 0
4 5 18 18 0
5 6 18 18 0
5 7 18 18 0

0 1 11 18 0
1 2 18 18 0
2 3 18 18 0
3 4 18 18 0
4 5 18 18 0
5 6 18 18 0
4 7 18 18 0

0 1 11 18 0
1 2 18 18 0
2 3 18 18 0
3 4 18 18 0
4 5 18 18 0
5 6 18 18 0
4 7 18 18 0
5 6 18 16 0

0 1 11 18 0
1 2 18 18 0
2 3 18 18 0
3 4 18 18 0
4 5 18 18 0
5 6 18 18 0
3 7 18 18 0

0 1 11 18 0
1 2 18 18 0
2 3 18 18 0
3 4 18 18 0
4 5 18 18 0
5 6 18 18 0
3 7 18 18 0
4 5 18 16 0

0 1 11 18 0
1 2 18 18 0
2 3 18 18 0
3 4 18 18 0
4 5 18 18 0
5 6 18 18 0
2 7 18 18 0

0 1 11 18 0
1 2 18 18 0
2 3 18 18 0
3 4 18 18 0
4 5 18 18 0
5 6 18 18 0
2 7 18 18 0
3 4 18 16 0

0 1 11 18 0
1 2 18 18 0
2 3 18 18 0
3 4 18 18 0
4 5 18 18 0
5 6 18 18 0
1 7 18 18 0

0 1 11 18 0
1 2 18 18 0
2 3 18 18 0
3 4 18 18 0
4 5 18 18 0
5 6 18 18 0
0 7 11 18 0

0 1 11 18 0
1 2 18 18 0
2 3 18 18 0
3 4 18 18 0
4 5 18 18 0
4 6 18 18 0

0 1 11 18 0
1 2 18 18 0
2 3 18 18 0
3 4 18 18 0
4 5 18 18 0
3 6 18 18 0

0 1 11 18 0
1 2 18 18 0
2 3 18 18 0
3 4 18 18 0
4 5 18 18 0
3 6 18 18 0
4 5 18 16 0

0 1 11 18 0
1 2 18 18 0
2 3 18 18 0
3 4 18 18 0
4 5 18 18 0
2 6 18 18 0

0 1 11 18 0
1 2 18 18 0
2 3 18 18 0
3 4 18 18 0
4 5 18 18 0
2 6 18 18 0
3 4 18 16 0

0 1 11 18 0
1 2 18 18 0
2 3 18 18 0
3 4 18 18 0
4 5 18 18 0
1 6 18 18 0

0 1 11 18 0
1 2 18 18 0
2 3 18 18 0
3 4 18 18 0
4 5 18 18 0
1 6 18 18 0
2 3 18 16 0

0 1 11 18 0
1 2 18 18 0
2 3 18 18 0
3 4 18 18 0
4 5 18 18 0
1 6 18 18 0
2 3 18 18 0

0 1 11 18 0
1 2 18 18 0
2 3 18 18 0
3 4 18 18 0
4 5 18 18 0
0 6 11 18 0

0 1 11 18 0
1 2 18 18 0
2 3 18 18 0
3 4 18 18 0
4 5 18 18 0
0 6 11 18 0
1 2 18 18 0

0 1 11 18 0
1 2 18 18 0
2 3 18 18 0
3 4 18 18 0
3 5 18 18 0

0 1 11 18 0
1 2 18 18 0
2 3 18 18 0
3 4 18 18 0
2 5 18 18 0

0 1 11 18 0
1 2 18 18 0
2 3 18 18 0
3 4 18 18 0
2 5 18 18 0
3 4 18 16 0

0 1 11 18 0
1 2 18 18 0
2 3 18 18 0
3 4 18 18 0
1 5 18 18 0

0 1 11 18 0
1 2 18 18 0
2 3 18 18 0
3 4 18 18 0
1 5 18 18 0
2 3 18 16 0

0 1 11 18 0
1 2 18 18 0
2 3 18 18 0
3 4 18 18 0
1 5 18 18 0
2 3 18 18 0

0 1 11 18 0
1 2 18 18 0
2 3 18 18 0
3 4 18 18 0
0 5 11 18 0

0 1 11 18 0
1 2 18 18 0
2 3 18 18 0
3 4 18 18 0
0 5 11 18 0
1 2 18 18 0

0 1 11 18 0
1 2 18 18 0
2 3 18 18 0
2 4 18 18 0

0 1 11 18 0
1 2 18 18 0
2 3 18 18 0
1 4 18 18 0

0 1 11 18 0
1 2 18 18 0
2 3 18 18 0
1 4 18 18 0
2 3 18 16 0

0 1 11 18 0
1 2 18 18 0
2 3 18 18 0
1 4 18 18 0
2 3 18 18 0

0 1 11 18 0
1 2 18 18 0
2 3 18 18 0
0 4 11 18 0

0 1 11 18 0
1 2 18 18 0
2 3 18 18 0
0 4 11 18 0
1 2 18 18 0

0 1 11 18 0
1 2 18 18 0
1 3 18 18 0

0 1 11 18 0
1 2 18 18 0
0 3 11 18 0

0 1 11 18 0
1 2 18 18 0
0 3 11 18 0
1 2 18 18 0

0 1 11 18 0
0 2 11 18 0

0 1 14 16 0

0 1 14 16 0
0 2 14 16 0

0 1 14 16 0
0 2 14 16 0
0 2 14 18 0

0 1 14 16 0
0 2 14 18 0

0 1 14 16 0
0 2 14 18 0
0 2 14 16 0

0 1 14 18 0

0 1 14 18 0
1 2 18 16 0

0 1 14 18 0
1 2 18 16 0
1 3 18 16 0

0 1 14 18 0
1 2 18 16 0
0 3 14 18 0

0 1 14 18 0
1 2 18 16 0
0 3 14 18 0
1 2 18 16 0

0 1 14 18 0
1 2 18 18 0

0 1 14 18 0
1 2 18 18 0
2 3 18 16 0

0 1 14 18 0
1 2 18 18 0
2 3 18 16 0
2 4 18 18 0

0 1 14 18 0
1 2 18 18 0
2 3 18 16 0
2 4 18 18 0
1 4 18 18 0

0 1 14 18 0
1 2 18 18 0
2 3 18 16 0
2 4 18 18 0
0 4 14 16 0

0 1 14 18 0
1 2 18 18 0
2 3 18 16 0
2 4 18 18 0
0 4 14 16 0
0 4 14 16 0

0 1 14 18 0
1 2 18 18 0
2 3 18 16 0
2 4 18 18 0
0 4 14 18 0

0 1 14 18 0
1 2 18 18 0
2 3 18 16 0
1 4 18 18 0

0 1 14 18 0
1 2 18 18 0
2 3 18 16 0
1 4 18 18 0
2 3 18 18 0

0 1 14 18 0
1 2 18 18 0
2 3 18 16 0
0 4 14 18 0

0 1 14 18 0
1 2 18 18 0
2 3 18 16 0
0 4 14 18 0
1 2 18 18 0

0 1 14 18 0
1 2 18 18 0
2 3 18 18 0

0 1 14 18 0
1 2 18 18 0
2 3 18 18 0
3 4 18 16 0

0 1 14 18 0
1 2 18 18 0
2 3 18 18 0
3 4 18 16 0
3 5 18 18 0

0 1 14 18 0
1 2 18 18 0
2 3 18 18 0
3 4 18 16 0
3 5 18 18 0
2 5 18 16 0

0 1 14 18 0
1 2 18 18 0
2 3 18 18 0
3 4 18 16 0
3 5 18 18 0
2 5 18 18 0

0 1 14 18 0
1 2 18 18 0
2 3 18 18 0
3 4 18 16 0
3 5 18 18 0
1 5 18 18 0

0 1 14 18 0
1 2 18 18 0
2 3 18 18 0
3 4 18 16 0
2 5 18 18 0

0 1 14 18 0
1 2 18 18 0
2 3 18 18 0
3 4 18 16 0
2 5 18 18 0
3 4 18 18 0

0 1 14 18 0
1 2 18 18 0
2 3 18 18 0
3 4 18 16 0
1 5 18 18 0

0 1 14 18 0
1 2 18 18 0
2 3 18 18 0
3 4 18 16 0
1 5 18 18 0
2 3 18 16 0

0 1 14 18 0
1 2 18 18 0
2 3 18 18 0
3 4 18 16 0
0 5 14 18 0

0 1 14 18 0
1 2 18 18 0
2 3 18 18 0
3 4 18 18 0

0 1 14 18 0
1 2 18 18 0
2 3 18 18 0
3 4 18 18 0
4 5 18 16 0

0 1 14 18 0
1 2 18 18 0
2 3 18 18 0
3 4 18 18 0
4 5 18 16 0
4 6 18 18 0

0 1 14 18 0
1 2 18 18 0
2 3 18 18 0
3 4 18 18 0
4 5 18 16 0
4 6 18 18 0
3 6 18 16 0

0 1 14 18 0
1 2 18 18 0
2 3 18 18 0
3 4 18 18 0
4 5 18 16 0
4 6 18 18 0
2 6 18 16 0

0 1 14 18 0
1 2 18 18 0
2 3 18 18 0
3 4 18 18 0
4 5 18 16 0
2 6 18 18 0

0 1 14 18 0
1 2 18 18 0
2 3 18 18 0
3 4 18 18 0
4 5 18 16 0
1 6 18 18 0

0 1 14 18 0
1 2 18 18 0
2 3 18 18 0
3 4 18 18 0
4 5 18 16 0
1 6 18 18 0
2 3 18 16 0

0 1 14 18 0
1 2 18 18 0
2 3 18 18 0
3 4 18 18 0
4 5 18 18 0

0 1 14 18 0
1 2 18 18 0
2 3 18 18 0
3 4 18 18 0
4 5 18 18 0
5 6 18 16 0

0 1 14 18 0
1 2 18 18 0
2 3 18 18 0
3 4 18 18 0
4 5 18 18 0
5 6 18 16 0
5 7 18 18 0

0 1 14 18 0
1 2 18 18 0
2 3 18 18 0
3 4 18 18 0
4 5 18 18 0
5 6 18 16 0
5 7 18 18 0
4 7 18 16 0

0 1 14 18 0
1 2 18 18 0
2 3 18 18 0
3 4 18 18 0
4 5 18 18 0
5 6 18 16 0
5 7 18 18 0
3 7 18 16 0

0 1 14 18 0
1 2 18 18 0
2 3 18 18 0
3 4 18 18 0
4 5 18 18 0
5 6 18 16 0
2 7 18 18 0

0 1 14 18 0
1 2 18 18 0
2 3 18 18 0
3 4 18 18 0
4 5 18 18 0
5 6 18 16 0
1 7 18 18 0

0 1 14 18 0
1 2 18 18 0
2 3 18 18 0
3 4 18 18 0
4 5 18 18 0
5 6 18 16 0
1 7 18 18 0
2 3 18 16 0

0 1 14 18 0
1 2 18 18 0
2 3 18 18 0
3 4 18 18 0
4 5 18 18 0
5 6 18 16 0
0 7 14 18 0

0 1 14 18 0
1 2 18 18 0
2 3 18 18 0
3 4 18 18 0
4 5 18 18 0
5 6 18 18 0

0 1 14 18 0
1 2 18 18 0
2 3 18 18 0
3 4 18 18 0
4 5 18 18 0
5 6 18 18 0
6 1 18 18 0

0 1 14 18 0
1 2 18 18 0
2 3 18 18 0
3 4 18 18 0
4 5 18 18 0
5 6 18 18 0
6 1 18 18 0
6 7 18 18 0

0 1 14 18 0
1 2 18 18 0
2 3 18 18 0
3 4 18 18 0
4 5 18 18 0
5 6 18 18 0
6 7 18 16 0

0 1 14 18 0
1 2 18 18 0
2 3 18 18 0
3 4 18 18 0
4 5 18 18 0
5 6 18 18 0
6 7 18 16 0
6 8 18 18 0

0 1 14 18 0
1 2 18 18 0
2 3 18 18 0
3 4 18 18 0
4 5 18 18 0
5 6 18 18 0
6 7 18 16 0
2 8 18 18 0

0 1 14 18 0
1 2 18 18 0
2 3 18 18 0
3 4 18 18 0
4 5 18 18 0
5 6 18 18 0
6 7 18 18 0

0 1 14 18 0
1 2 18 18 0
2 3 18 18 0
3 4 18 18 0
4 5 18 18 0
5 6 18 18 0
6 7 18 18 0
7 8 18 16 0

0 1 14 18 0
1 2 18 18 0
2 3 18 18 0
3 4 18 18 0
4 5 18 18 0
5 6 18 18 0
6 7 18 18 0
7 8 18 18 0

0 1 14 18 0
1 2 18 18 0
2 3 18 18 0
3 4 18 18 0
4 5 18 18 0
5 6 18 18 0
5 7 18 18 0

0 1 14 18 0
1 2 18 18 0
2 3 18 18 0
3 4 18 18 0
4 5 18 18 0
5 6 18 18 0
4 7 18 18 0

0 1 14 18 0
1 2 18 18 0
2 3 18 18 0
3 4 18 18 0
4 5 18 18 0
5 6 18 18 0
2 7 18 18 0

0 1 14 18 0
1 2 18 18 0
2 3 18 18 0
3 4 18 18 0
4 5 18 18 0
5 6 18 18 0
2 7 18 18 0
3 4 18 16 0

0 1 14 18 0
1 2 18 18 0
2 3 18 18 0
3 4 18 18 0
4 5 18 18 0
5 6 18 18 0
1 7 18 18 0

0 1 14 18 0
1 2 18 18 0
2 3 18 18 0
3 4 18 18 0
4 5 18 18 0
5 6 18 18 0
0 7 14 18 0

0 1 14 18 0
1 2 18 18 0
2 3 18 18 0
3 4 18 18 0
4 5 18 18 0
4 6 18 18 0

0 1 14 18 0
1 2 18 18 0
2 3 18 18 0
3 4 18 18 0
4 5 18 18 0
2 6 18 18 0

0 1 14 18 0
1 2 18 18 0
2 3 18 18 0
3 4 18 18 0
4 5 18 18 0
2 6 18 18 0
3 4 18 16 0

0 1 14 18 0
1 2 18 18 0
2 3 18 18 0
3 4 18 18 0
4 5 18 18 0
1 6 18 18 0

0 1 14 18 0
1 2 18 18 0
2 3 18 18 0
3 4 18 18 0
4 5 18 18 0
1 6 18 18 0
2 3 18 16 0

0 1 14 18 0
1 2 18 18 0
2 3 18 18 0
3 4 18 18 0
4 5 18 18 0
1 6 18 18 0
2 3 18 18 0

0 1 14 18 0
1 2 18 18 0
2 3 18 18 0
3 4 18 18 0
4 5 18 18 0
0 6 14 18 0

0 1 14 18 0
1 2 18 18 0
2 3 18 18 0
3 4 18 18 0
2 5 18 18 0

0 1 14 18 0
1 2 18 18 0
2 3 18 18 0
3 4 18 18 0
2 5 18 18 0
3 4 18 16 0

0 1 14 18 0
1 2 18 18 0
2 3 18 18 0
3 4 18 18 0
1 5 18 18 0

0 1 14 18 0
1 2 18 18 0
2 3 18 18 0
3 4 18 18 0
1 5 18 18 0
2 3 18 16 0

0 1 14 18 0
1 2 18 18 0
2 3 18 18 0
3 4 18 18 0
1 5 18 18 0
2 3 18 18 0

0 1 14 18 0
1 2 18 18 0
2 3 18 18 0
3 4 18 18 0
0 5 14 18 0

0 1 14 18 0
1 2 18 18 0
2 3 18 18 0
2 4 18 18 0

0 1 14 18 0
1 2 18 18 0
2 3 18 18 0
1 4 18 18 0

0 1 14 18 0
1 2 18 18 0
2 3 18 18 0
1 4 18 18 0
2 3 18 16 0

0 1 14 18 0
1 2 18 18 0
2 3 18 18 0
1 4 18 18 0
2 3 18 18 0

0 1 14 18 0
1 2 18 18 0
2 3 18 18 0
0 4 14 18 0

0 1 14 18 0
1 2 18 18 0
2 3 18 18 0
0 4 14 18 0
1 2 18 18 0

0 1 14 18 0
1 2 18 18 0
1 3 18 18 0

0 1 14 18 0
1 2 18 18 0
0 3 14 18 0

0 1 14 18 0
1 2 18 18 0
0 3 14 18 0
1 2 18 18 0

0 1 14 18 0
0 2 14 18 0

0 1 16 18 0

0 1 16 18 0
1 2 18 16 0

0 1 16 18 0
1 2 18 16 0
1 3 18 16 0

0 1 16 18 0
1 2 18 16 0
1 3 18 16 0
1 3 18 18 0

0 1 16 18 0
1 2 18 16 0
1 3 18 18 0

0 1 16 18 0
1 2 18 18 0

0 1 16 18 0
1 2 18 18 0
2 3 18 16 0

0 1 16 18 0
1 2 18 18 0
2 3 18 16 0
2 4 18 18 0

0 1 16 18 0
1 2 18 18 0
2 3 18 16 0
2 4 18 18 0
1 4 18 18 0

0 1 16 18 0
1 2 18 18 0
2 3 18 18 0

0 1 16 18 0
1 2 18 18 0
2 3 18 18 0
3 4 18 16 0

0 1 16 18 0
1 2 18 18 0
2 3 18 18 0
3 4 18 16 0
3 5 18 18 0

0 1 16 18 0
1 2 18 18 0
2 3 18 18 0
3 4 18 16 0
3 5 18 18 0
1 5 18 18 0

0 1 16 18 0
1 2 18 18 0
2 3 18 18 0
3 4 18 16 0
2 5 18 18 0

0 1 16 18 0
1 2 18 18 0
2 3 18 18 0
3 4 18 16 0
2 5 18 18 0
3 4 18 16 0

0 1 16 18 0
1 2 18 18 0
2 3 18 18 0
3 4 18 16 0
2 5 18 18 0
3 4 18 16 0
3 4 18 16 0

0 1 16 18 0
1 2 18 18 0
2 3 18 18 0
3 4 18 16 0
2 5 18 18 0
3 4 18 18 0

0 1 16 18 0
1 2 18 18 0
2 3 18 18 0
3 4 18 18 0

0 1 16 18 0
1 2 18 18 0
2 3 18 18 0
3 4 18 18 0
4 5 18 16 0

0 1 16 18 0
1 2 18 18 0
2 3 18 18 0
3 4 18 18 0
4 5 18 16 0
4 6 18 18 0

0 1 16 18 0
1 2 18 18 0
2 3 18 18 0
3 4 18 18 0
4 5 18 16 0
3 6 18 18 0

0 1 16 18 0
1 2 18 18 0
2 3 18 18 0
3 4 18 18 0
4 5 18 16 0
3 6 18 18 0
4 5 18 16 0

0 1 16 18 0
1 2 18 18 0
2 3 18 18 0
3 4 18 18 0
4 5 18 16 0
3 6 18 18 0
4 5 18 18 0

0 1 16 18 0
1 2 18 18 0
2 3 18 18 0
3 4 18 18 0
4 5 18 18 0

0 1 16 18 0
1 2 18 18 0
2 3 18 18 0
3 4 18 18 0
4 5 18 18 0
5 6 18 16 0

0 1 16 18 0
1 2 18 18 0
2 3 18 18 0
3 4 18 18 0
4 5 18 18 0
5 6 18 16 0
5 7 18 18 0

0 1 16 18 0
1 2 18 18 0
2 3 18 18 0
3 4 18 18 0
4 5 18 18 0
5 6 18 16 0
4 7 18 18 0

0 1 16 18 0
1 2 18 18 0
2 3 18 18 0
3 4 18 18 0
4 5 18 18 0
5 6 18 16 0
4 7 18 18 0
5 6 18 18 0

0 1 16 18 0
1 2 18 18 0
2 3 18 18 0
3 4 18 18 0
4 5 18 18 0
5 6 18 16 0
3 7 18 18 0

0 1 16 18 0
1 2 18 18 0
2 3 18 18 0
3 4 18 18 0
4 5 18 18 0
5 6 18 16 0
3 7 18 18 0
4 5 18 18 0

0 1 16 18 0
1 2 18 18 0
2 3 18 18 0
3 4 18 18 0
4 5 18 18 0
5 6 18 18 0

0 1 16 18 0
1 2 18 18 0
2 3 18 18 0
3 4 18 18 0
4 5 18 18 0
5 6 18 18 0
6 1 18 18 0

0 1 16 18 0
1 2 18 18 0
2 3 18 18 0
3 4 18 18 0
4 5 18 18 0
5 6 18 18 0
6 1 18 18 0
6 7 18 18 0

0 1 16 18 0
1 2 18 18 0
2 3 18 18 0
3 4 18 18 0
4 5 18 18 0
5 6 18 18 0
6 1 18 18 0
6 7 18 18 0
7 8 18 18 0

0 1 16 18 0
1 2 18 18 0
2 3 18 18 0
3 4 18 18 0
4 5 18 18 0
5 6 18 18 0
6 1 18 18 0
6 7 18 18 0
7 8 18 18 0
8 9 18 18 0

0 1 16 18 0
1 2 18 18 0
2 3 18 18 0
3 4 18 18 0
4 5 18 18 0
5 6 18 18 0
6 1 18 18 0
6 7 18 18 0
7 8 18 18 0
8 9 18 18 0
9 10 18 18 0

0 1 16 18 0
1 2 18 18 0
2 3 18 18 0
3 4 18 18 0
4 5 18 18 0
5 6 18 18 0
6 1 18 18 0
6 7 18 18 0
7 8 18 18 0
8 9 18 18 0
9 10 18 18 0
10 11 18 16 0

0 1 16 18 0
1 2 18 18 0
2 3 18 18 0
3 4 18 18 0
4 5 18 18 0
5 6 18 18 0
6 1 18 18 0
5 7 18 18 0

0 1 16 18 0
1 2 18 18 0
2 3 18 18 0
3 4 18 18 0
4 5 18 18 0
5 6 18 18 0
6 1 18 18 0
4 7 18 18 0

0 1 16 18 0
1 2 18 18 0
2 3 18 18 0
3 4 18 18 0
4 5 18 18 0
5 6 18 18 0
6 7 18 16 0

0 1 16 18 0
1 2 18 18 0
2 3 18 18 0
3 4 18 18 0
4 5 18 18 0
5 6 18 18 0
6 7 18 16 0
6 8 18 18 0

0 1 16 18 0
1 2 18 18 0
2 3 18 18 0
3 4 18 18 0
4 5 18 18 0
5 6 18 18 0
6 7 18 16 0
5 8 18 18 0

0 1 16 18 0
1 2 18 18 0
2 3 18 18 0
3 4 18 18 0
4 5 18 18 0
5 6 18 18 0
6 7 18 16 0
5 8 18 18 0
6 7 18 16 0

0 1 16 18 0
1 2 18 18 0
2 3 18 18 0
3 4 18 18 0
4 5 18 18 0
5 6 18 18 0
6 7 18 16 0
5 8 18 18 0
6 7 18 18 0

0 1 16 18 0
1 2 18 18 0
2 3 18 18 0
3 4 18 18 0
4 5 18 18 0
5 6 18 18 0
6 7 18 16 0
4 8 18 18 0

0 1 16 18 0
1 2 18 18 0
2 3 18 18 0
3 4 18 18 0
4 5 18 18 0
5 6 18 18 0
6 7 18 16 0
4 8 18 18 0
5 6 18 18 0

0 1 16 18 0
1 2 18 18 0
2 3 18 18 0
3 4 18 18 0
4 5 18 18 0
5 6 18 18 0
6 7 18 18 0

0 1 16 18 0
1 2 18 18 0
2 3 18 18 0
3 4 18 18 0
4 5 18 18 0
5 6 18 18 0
6 7 18 18 0
7 2 18 18 0

0 1 16 18 0
1 2 18 18 0
2 3 18 18 0
3 4 18 18 0
4 5 18 18 0
5 6 18 18 0
6 7 18 18 0
7 2 18 18 0
1 8 18 18 0

0 1 16 18 0
1 2 18 18 0
2 3 18 18 0
3 4 18 18 0
4 5 18 18 0
5 6 18 18 0
6 7 18 18 0
7 8 18 16 0

0 1 16 18 0
1 2 18 18 0
2 3 18 18 0
3 4 18 18 0
4 5 18 18 0
5 6 18 18 0
6 7 18 18 0
7 8 18 16 0
7 9 18 18 0

0 1 16 18 0
1 2 18 18 0
2 3 18 18 0
3 4 18 18 0
4 5 18 18 0
5 6 18 18 0
6 7 18 18 0
7 8 18 16 0
6 9 18 18 0

0 1 16 18 0
1 2 18 18 0
2 3 18 18 0
3 4 18 18 0
4 5 18 18 0
5 6 18 18 0
6 7 18 18 0
7 8 18 16 0
5 9 18 18 0

0 1 16 18 0
1 2 18 18 0
2 3 18 18 0
3 4 18 18 0
4 5 18 18 0
5 6 18 18 0
6 7 18 18 0
7 8 18 16 0
4 9 18 18 0

0 1 16 18 0
1 2 18 18 0
2 3 18 18 0
3 4 18 18 0
4 5 18 18 0
5 6 18 18 0
6 7 18 18 0
7 8 18 18 0

0 1 16 18 0
1 2 18 18 0
2 3 18 18 0
3 4 18 18 0
4 5 18 18 0
5 6 18 18 0
6 7 18 18 0
7 8 18 18 0
8 3 18 18 0

0 1 16 18 0
1 2 18 18 0
2 3 18 18 0
3 4 18 18 0
4 5 18 18 0
5 6 18 18 0
6 7 18 18 0
7 8 18 18 0
8 3 18 18 0
1 9 18 18 0

0 1 16 18 0
1 2 18 18 0
2 3 18 18 0
3 4 18 18 0
4 5 18 18 0
5 6 18 18 0
6 7 18 18 0
7 8 18 18 0
8 9 18 16 0

0 1 16 18 0
1 2 18 18 0
2 3 18 18 0
3 4 18 18 0
4 5 18 18 0
5 6 18 18 0
6 7 18 18 0
7 8 18 18 0
8 9 18 16 0
8 10 18 18 0

0 1 16 18 0
1 2 18 18 0
2 3 18 18 0
3 4 18 18 0
4 5 18 18 0
5 6 18 18 0
6 7 18 18 0
7 8 18 18 0
8 9 18 16 0
7 10 18 18 0

0 1 16 18 0
1 2 18 18 0
2 3 18 18 0
3 4 18 18 0
4 5 18 18 0
5 6 18 18 0
6 7 18 18 0
7 8 18 18 0
8 9 18 16 0
7 10 18 18 0
8 9 18 18 0

0 1 16 18 0
1 2 18 18 0
2 3 18 18 0
3 4 18 18 0
4 5 18 18 0
5 6 18 18 0
6 7 18 18 0
7 8 18 18 0
8 9 18 16 0
6 10 18 18 0

0 1 16 18 0
1 2 18 18 0
2 3 18 18 0
3 4 18 18 0
4 5 18 18 0
5 6 18 18 0
6 7 18 18 0
7 8 18 18 0
8 9 18 16 0
5 10 18 18 0

0 1 16 18 0
1 2 18 18 0
2 3 18 18 0
3 4 18 18 0
4 5 18 18 0
5 6 18 18 0
6 7 18 18 0
7 8 18 18 0
8 9 18 18 0

0 1 16 18 0
1 2 18 18 0
2 3 18 18 0
3 4 18 18 0
4 5 18 18 0
5 6 18 18 0
6 7 18 18 0
7 8 18 18 0
8 9 18 18 0
9 4 18 18 0

0 1 16 18 0
1 2 18 18 0
2 3 18 18 0
3 4 18 18 0
4 5 18 18 0
5 6 18 18 0
6 7 18 18 0
7 8 18 18 0
8 9 18 18 0
9 4 18 18 0
1 10 18 18 0

0 1 16 18 0
1 2 18 18 0
2 3 18 18 0
3 4 18 18 0
4 5 18 18 0
5 6 18 18 0
6 7 18 18 0
7 8 18 18 0
8 9 18 18 0
9 10 18 16 0

0 1 16 18 0
1 2 18 18 0
2 3 18 18 0
3 4 18 18 0
4 5 18 18 0
5 6 18 18 0
6 7 18 18 0
7 8 18 18 0
8 9 18 18 0
9 10 18 16 0
9 11 18 18 0

0 1 16 18 0
1 2 18 18 0
2 3 18 18 0
3 4 18 18 0
4 5 18 18 0
5 6 18 18 0
6 7 18 18 0
7 8 18 18 0
8 9 18 18 0
9 10 18 16 0
7 11 18 18 0

0 1 16 18 0
1 2 18 18 0
2 3 18 18 0
3 4 18 18 0
4 5 18 18 0
5 6 18 18 0
6 7 18 18 0
7 8 18 18 0
8 9 18 18 0
9 10 18 16 0
5 11 18 18 0

0 1 16 18 0
1 2 18 18 0
2 3 18 18 0
3 4 18 18 0
4 5 18 18 0
5 6 18 18 0
6 7 18 18 0
7 8 18 18 0
8 9 18 18 0
9 10 18 18 0

0 1 16 18 0
1 2 18 18 0
2 3 18 18 0
3 4 18 18 0
4 5 18 18 0
5 6 18 18 0
6 7 18 18 0
7 8 18 18 0
8 9 18 18 0
9 10 18 18 0
10 5 18 18 0

0 1 16 18 0
1 2 18 18 0
2 3 18 18 0
3 4 18 18 0
4 5 18 18 0
5 6 18 18 0
6 7 18 18 0
7 8 18 18 0
8 9 18 18 0
9 10 18 18 0
10 11 18 16 0

0 1 16 18 0
1 2 18 18 0
2 3 18 18 0
3 4 18 18 0
4 5 18 18 0
5 6 18 18 0
6 7 18 18 0
7 8 18 18 0
8 9 18 18 0
9 10 18 18 0
10 11 18 16 0
10 12 18 18 0

0 1 16 18 0
1 2 18 18 0
2 3 18 18 0
3 4 18 18 0
4 5 18 18 0
5 6 18 18 0
6 7 18 18 0
7 8 18 18 0
8 9 18 18 0
9 10 18 18 0
10 11 18 18 0

0 1 16 18 0
1 2 18 18 0
2 3 18 18 0
3 4 18 18 0
4 5 18 18 0
5 6 18 18 0
6 7 18 18 0
7 8 18 18 0
8 9 18 18 0
9 10 18 18 0
10 11 18 18 0
11 12 18 16 0

0 1 16 18 0
1 2 18 18 0
2 3 18 18 0
3 4 18 18 0
4 5 18 18 0
5 6 18 18 0
6 7 18 18 0
7 8 18 18 0
8 9 18 18 0
9 10 18 18 0
10 11 18 18 0
11 12 18 16 0
11 13 18 18 0

0 1 16 18 0
1 2 18 18 0
2 3 18 18 0
3 4 18 18 0
4 5 18 18 0
5 6 18 18 0
6 7 18 18 0
7 8 18 18 0
8 9 18 18 0
9 10 18 18 0
10 11 18 18 0
11 12 18 18 0

0 1 16 18 0
1 2 18 18 0
2 3 18 18 0
3 4 18 18 0
4 5 18 18 0
5 6 18 18 0
6 7 18 18 0
7 8 18 18 0
8 9 18 18 0
9 10 18 18 0
10 11 18 18 0
11 12 18 18 0
12 13 18 16 0

0 1 16 18 0
1 2 18 18 0
2 3 18 18 0
3 4 18 18 0
4 5 18 18 0
5 6 18 18 0
6 7 18 18 0
7 8 18 18 0
8 9 18 18 0
9 10 18 18 0
10 11 18 18 0
7 12 18 18 0

0 1 16 18 0
1 2 18 18 0
2 3 18 18 0
3 4 18 18 0
4 5 18 18 0
5 6 18 18 0
6 7 18 18 0
7 8 18 18 0
8 9 18 18 0
9 10 18 18 0
10 11 18 18 0
1 12 18 18 0

0 1 16 18 0
1 2 18 18 0
2 3 18 18 0
3 4 18 18 0
4 5 18 18 0
5 6 18 18 0
6 7 18 18 0
7 8 18 18 0
8 9 18 18 0
9 10 18 18 0
7 11 18 18 0

0 1 16 18 0
1 2 18 18 0
2 3 18 18 0
3 4 18 18 0
4 5 18 18 0
5 6 18 18 0
6 7 18 18 0
7 8 18 18 0
8 9 18 18 0
9 10 18 18 0
1 11 18 18 0

0 1 16 18 0
1 2 18 18 0
2 3 18 18 0
3 4 18 18 0
4 5 18 18 0
5 6 18 18 0
6 7 18 18 0
7 8 18 18 0
8 9 18 18 0
7 10 18 18 0

0 1 16 18 0
1 2 18 18 0
2 3 18 18 0
3 4 18 18 0
4 5 18 18 0
5 6 18 18 0
6 7 18 18 0
7 8 18 18 0
8 9 18 18 0
5 10 18 18 0

0 1 16 18 0
1 2 18 18 0
2 3 18 18 0
3 4 18 18 0
4 5 18 18 0
5 6 18 18 0
6 7 18 18 0
7 8 18 18 0
8 9 18 18 0
3 10 18 18 0

0 1 16 18 0
1 2 18 18 0
2 3 18 18 0
3 4 18 18 0
4 5 18 18 0
5 6 18 18 0
6 7 18 18 0
7 8 18 18 0
8 9 18 18 0
1 10 18 18 0

0 1 16 18 0
1 2 18 18 0
2 3 18 18 0
3 4 18 18 0
4 5 18 18 0
5 6 18 18 0
6 7 18 18 0
7 8 18 18 0
7 9 18 18 0

0 1 16 18 0
1 2 18 18 0
2 3 18 18 0
3 4 18 18 0
4 5 18 18 0
5 6 18 18 0
6 7 18 18 0
7 8 18 18 0
6 9 18 18 0

0 1 16 18 0
1 2 18 18 0
2 3 18 18 0
3 4 18 18 0
4 5 18 18 0
5 6 18 18 0
6 7 18 18 0
7 8 18 18 0
5 9 18 18 0

0 1 16 18 0
1 2 18 18 0
2 3 18 18 0
3 4 18 18 0
4 5 18 18 0
5 6 18 18 0
6 7 18 18 0
7 8 18 18 0
4 9 18 18 0

0 1 16 18 0
1 2 18 18 0
2 3 18 18 0
3 4 18 18 0
4 5 18 18 0
5 6 18 18 0
6 7 18 18 0
7 8 18 18 0
4 9 18 18 0
5 6 18 18 0

0 1 16 18 0
1 2 18 18 0
2 3 18 18 0
3 4 18 18 0
4 5 18 18 0
5 6 18 18 0
6 7 18 18 0
7 8 18 18 0
3 9 18 18 0

0 1 16 18 0
1 2 18 18 0
2 3 18 18 0
3 4 18 18 0
4 5 18 18 0
5 6 18 18 0
6 7 18 18 0
7 8 18 18 0
2 9 18 18 0

0 1 16 18 0
1 2 18 18 0
2 3 18 18 0
3 4 18 18 0
4 5 18 18 0
5 6 18 18 0
6 7 18 18 0
7 8 18 18 0
1 9 18 18 0

0 1 16 18 0
1 2 18 18 0
2 3 18 18 0
3 4 18 18 0
4 5 18 18 0
5 6 18 18 0
6 7 18 18 0
7 8 18 18 0
1 9 18 18 0
2 3 18 18 0

0 1 16 18 0
1 2 18 18 0
2 3 18 18 0
3 4 18 18 0
4 5 18 18 0
5 6 18 18 0
6 7 18 18 0
6 8 18 18 0

0 1 16 18 0
1 2 18 18 0
2 3 18 18 0
3 4 18 18 0
4 5 18 18 0
5 6 18 18 0
6 7 18 18 0
5 8 18 18 0

0 1 16 18 0
1 2 18 18 0
2 3 18 18 0
3 4 18 18 0
4 5 18 18 0
5 6 18 18 0
6 7 18 18 0
5 8 18 18 0
6 7 18 18 0

0 1 16 18 0
1 2 18 18 0
2 3 18 18 0
3 4 18 18 0
4 5 18 18 0
5 6 18 18 0
6 7 18 18 0
4 8 18 18 0

0 1 16 18 0
1 2 18 18 0
2 3 18 18 0
3 4 18 18 0
4 5 18 18 0
5 6 18 18 0
6 7 18 18 0
4 8 18 18 0
5 6 18 18 0

0 1 16 18 0
1 2 18 18 0
2 3 18 18 0
3 4 18 18 0
4 5 18 18 0
5 6 18 18 0
6 7 18 18 0
3 8 18 18 0

0 1 16 18 0
1 2 18 18 0
2 3 18 18 0
3 4 18 18 0
4 5 18 18 0
5 6 18 18 0
6 7 18 18 0
3 8 18 18 0
4 5 18 18 0

0 1 16 18 0
1 2 18 18 0
2 3 18 18 0
3 4 18 18 0
4 5 18 18 0
5 6 18 18 0
6 7 18 18 0
2 8 18 18 0

0 1 16 18 0
1 2 18 18 0
2 3 18 18 0
3 4 18 18 0
4 5 18 18 0
5 6 18 18 0
6 7 18 18 0
2 8 18 18 0
3 4 18 18 0

0 1 16 18 0
1 2 18 18 0
2 3 18 18 0
3 4 18 18 0
4 5 18 18 0
5 6 18 18 0
6 7 18 18 0
1 8 18 18 0

0 1 16 18 0
1 2 18 18 0
2 3 18 18 0
3 4 18 18 0
4 5 18 18 0
5 6 18 18 0
6 7 18 18 0
1 8 18 18 0
2 3 18 18 0

0 1 16 18 0
1 2 18 18 0
2 3 18 18 0
3 4 18 18 0
4 5 18 18 0
5 6 18 18 0
5 7 18 18 0

0 1 16 18 0
1 2 18 18 0
2 3 18 18 0
3 4 18 18 0
4 5 18 18 0
5 6 18 18 0
4 7 18 18 0

0 1 16 18 0
1 2 18 18 0
2 3 18 18 0
3 4 18 18 0
4 5 18 18 0
5 6 18 18 0
4 7 18 18 0
5 6 18 18 0

0 1 16 18 0
1 2 18 18 0
2 3 18 18 0
3 4 18 18 0
4 5 18 18 0
5 6 18 18 0
3 7 18 18 0

0 1 16 18 0
1 2 18 18 0
2 3 18 18 0
3 4 18 18 0
4 5 18 18 0
5 6 18 18 0
3 7 18 18 0
4 5 18 18 0

0 1 16 18 0
1 2 18 18 0
2 3 18 18 0
3 4 18 18 0
4 5 18 18 0
5 6 18 18 0
2 7 18 18 0

0 1 16 18 0
1 2 18 18 0
2 3 18 18 0
3 4 18 18 0
4 5 18 18 0
5 6 18 18 0
2 7 18 18 0
3 4 18 18 0

0 1 16 18 0
1 2 18 18 0
2 3 18 18 0
3 4 18 18 0
4 5 18 18 0
5 6 18 18 0
1 7 18 18 0

0 1 16 18 0
1 2 18 18 0
2 3 18 18 0
3 4 18 18 0
4 5 18 18 0
5 6 18 18 0
1 7 18 18 0
2 3 18 18 0

0 1 16 18 0
1 2 18 18 0
2 3 18 18 0
3 4 18 18 0
4 5 18 18 0
4 6 18 18 0

0 1 16 18 0
1 2 18 18 0
2 3 18 18 0
3 4 18 18 0
4 5 18 18 0
3 6 18 18 0

0 1 16 18 0
1 2 18 18 0
2 3 18 18 0
3 4 18 18 0
4 5 18 18 0
3 6 18 18 0
4 5 18 18 0

0 1 16 18 0
1 2 18 18 0
2 3 18 18 0
3 4 18 18 0
4 5 18 18 0
2 6 18 18 0

0 1 16 18 0
1 2 18 18 0
2 3 18 18 0
3 4 18 18 0
4 5 18 18 0
2 6 18 18 0
3 4 18 18 0

0 1 16 18 0
1 2 18 18 0
2 3 18 18 0
3 4 18 18 0
4 5 18 18 0
1 6 18 18 0

0 1 16 18 0
1 2 18 18 0
2 3 18 18 0
3 4 18 18 0
4 5 18 18 0
1 6 18 18 0
2 3 18 11 0

0 1 16 18 0
1 2 18 18 0
2 3 18 18 0
3 4 18 18 0
4 5 18 18 0
1 6 18 18 0
2 3 18 14 0

0 1 16 18 0
1 2 18 18 0
2 3 18 18 0
3 4 18 18 0
4 5 18 18 0
1 6 18 18 0
2 3 18 18 0

0 1 16 18 0
1 2 18 18 0
2 3 18 18 0
3 4 18 18 0
3 5 18 18 0

0 1 16 18 0
1 2 18 18 0
2 3 18 18 0
3 4 18 18 0
2 5 18 18 0

0 1 16 18 0
1 2 18 18 0
2 3 18 18 0
3 4 18 18 0
2 5 18 18 0
3 4 18 18 0

0 1 16 18 0
1 2 18 18 0
2 3 18 18 0
3 4 18 18 0
1 5 18 18 0

0 1 16 18 0
1 2 18 18 0
2 3 18 18 0
3 4 18 18 0
1 5 18 18 0
2 3 18 11 0

0 1 16 18 0
1 2 18 18 0
2 3 18 18 0
3 4 18 18 0
1 5 18 18 0
2 3 18 14 0

0 1 16 18 0
1 2 18 18 0
2 3 18 18 0
3 4 18 18 0
1 5 18 18 0
2 3 18 18 0

0 1 16 18 0
1 2 18 18 0
2 3 18 18 0
2 4 18 18 0

0 1 16 18 0
1 2 18 18 0
2 3 18 18 0
1 4 18 18 0

0 1 16 18 0
1 2 18 18 0
2 3 18 18 0
1 4 18 18 0
2 3 18 11 0

0 1 16 18 0
1 2 18 18 0
2 3 18 18 0
1 4 18 18 0
2 3 18 14 0

0 1 16 18 0
1 2 18 18 0
2 3 18 18 0
1 4 18 18 0
2 3 18 18 0

0 1 16 18 0
1 2 18 18 0
1 3 18 18 0

0 1 18 18 0

0 1 18 18 0
1 2 18 18 0

0 1 18 18 0
1 2 18 18 0
2 3 18 18 0

0 1 18 18 0
1 2 18 18 0
2 3 18 18 0
3 4 18 18 0

0 1 18 18 0
1 2 18 18 0
2 3 18 18 0
3 4 18 18 0
4 5 18 18 0

0 1 18 18 0
1 2 18 18 0
2 3 18 18 0
3 4 18 18 0
4 5 18 18 0
5 0 18 18 0

0 1 18 18 0
1 2 18 18 0
2 3 18 18 0
3 4 18 18 0
4 5 18 18 0
5 0 18 18 0
5 6 18 18 0

0 1 18 18 0
1 2 18 18 0
2 3 18 18 0
3 4 18 18 0
4 5 18 18 0
5 0 18 18 0
5 6 18 18 0
6 7 18 18 0

0 1 18 18 0
1 2 18 18 0
2 3 18 18 0
3 4 18 18 0
4 5 18 18 0
5 0 18 18 0
5 6 18 18 0
6 7 18 18 0
7 8 18 18 0

0 1 18 18 0
1 2 18 18 0
2 3 18 18 0
3 4 18 18 0
4 5 18 18 0
5 0 18 18 0
5 6 18 18 0
6 7 18 18 0
7 8 18 18 0
8 9 18 18 0

0 1 18 18 0
1 2 18 18 0
2 3 18 18 0
3 4 18 18 0
4 5 18 18 0
5 0 18 18 0
5 6 18 18 0
6 7 18 18 0
7 8 18 18 0
8 9 18 18 0
9 10 18 18 0

0 1 18 18 0
1 2 18 18 0
2 3 18 18 0
3 4 18 18 0
4 5 18 18 0
5 0 18 18 0
5 6 18 18 0
6 7 18 18 0
7 8 18 18 0
8 9 18 18 0
9 10 18 18 0
10 11 18 18 0

0 1 18 18 0
1 2 18 18 0
2 3 18 18 0
3 4 18 18 0
4 5 18 18 0
5 0 18 18 0
5 6 18 18 0
4 7 18 18 0

0 1 18 18 0
1 2 18 18 0
2 3 18 18 0
3 4 18 18 0
4 5 18 18 0
5 6 18 18 0

0 1 18 18 0
1 2 18 18 0
2 3 18 18 0
3 4 18 18 0
4 5 18 18 0
5 6 18 18 0
6 7 18 18 0

0 1 18 18 0
1 2 18 18 0
2 3 18 18 0
3 4 18 18 0
4 5 18 18 0
5 6 18 18 0
6 7 18 18 0
7 8 18 18 0

0 1 18 18 0
1 2 18 18 0
2 3 18 18 0
3 4 18 18 0
4 5 18 18 0
5 6 18 18 0
6 7 18 18 0
7 8 18 18 0
8 9 18 18 0

0 1 18 18 0
1 2 18 18 0
2 3 18 18 0
3 4 18 18 0
4 5 18 18 0
5 6 18 18 0
6 7 18 18 0
7 8 18 18 0
8 9 18 18 0
9 10 18 18 0

0 1 18 18 0
1 2 18 18 0
2 3 18 18 0
3 4 18 18 0
4 5 18 18 0
5 6 18 18 0
6 7 18 18 0
7 8 18 18 0
8 9 18 18 0
9 10 18 18 0
10 11 18 18 0

0 1 18 18 0
1 2 18 18 0
2 3 18 18 0
3 4 18 18 0
4 5 18 18 0
5 6 18 18 0
6 7 18 18 0
7 8 18 18 0
8 9 18 18 0
9 10 18 18 0
6 11 18 18 0

0 1 18 18 0
1 2 18 18 0
2 3 18 18 0
3 4 18 18 0
4 5 18 18 0
5 6 18 18 0
6 7 18 18 0
7 8 18 18 0
8 9 18 18 0
6 10 18 18 0

0 1 18 18 0
1 2 18 18 0
2 3 18 18 0
3 4 18 18 0
4 5 18 18 0
5 6 18 18 0
6 7 18 18 0
7 8 18 18 0
8 9 18 18 0
6 10 18 18 0
7 8 18 16 0

0 1 18 18 0
1 2 18 18 0
2 3 18 18 0
3 4 18 18 0
4 5 18 18 0
5 6 18 18 0
6 7 18 18 0
7 8 18 18 0
8 9 18 18 0
5 10 18 18 0

0 1 18 18 0
1 2 18 18 0
2 3 18 18 0
3 4 18 18 0
4 5 18 18 0
5 6 18 18 0
6 7 18 18 0
7 8 18 18 0
6 9 18 18 0

0 1 18 18 0
1 2 18 18 0
2 3 18 18 0
3 4 18 18 0
4 5 18 18 0
5 6 18 18 0
6 7 18 18 0
7 8 18 18 0
6 9 18 18 0
7 8 18 16 0

0 1 18 18 0
1 2 18 18 0
2 3 18 18 0
3 4 18 18 0
4 5 18 18 0
5 6 18 18 0
6 7 18 18 0
7 8 18 18 0
5 9 18 18 0

0 1 18 18 0
1 2 18 18 0
2 3 18 18 0
3 4 18 18 0
4 5 18 18 0
5 6 18 18 0
6 7 18 18 0
7 8 18 18 0
5 9 18 18 0
6 7 18 16 0

0 1 18 18 0
1 2 18 18 0
2 3 18 18 0
3 4 18 18 0
4 5 18 18 0
5 6 18 18 0
6 7 18 18 0
7 8 18 18 0
4 9 18 18 0

0 1 18 18 0
1 2 18 18 0
2 3 18 18 0
3 4 18 18 0
4 5 18 18 0
5 6 18 18 0
6 7 18 18 0
7 8 18 18 0
4 9 18 18 0
5 6 18 16 0

0 1 18 18 0
1 2 18 18 0
2 3 18 18 0
3 4 18 18 0
4 5 18 18 0
5 6 18 18 0
6 7 18 18 0
6 8 18 18 0

0 1 18 18 0
1 2 18 18 0
2 3 18 18 0
3 4 18 18 0
4 5 18 18 0
5 6 18 18 0
6 7 18 18 0
5 8 18 18 0

0 1 18 18 0
1 2 18 18 0
2 3 18 18 0
3 4 18 18 0
4 5 18 18 0
5 6 18 18 0
6 7 18 18 0
5 8 18 18 0
6 7 18 16 0

0 1 18 18 0
1 2 18 18 0
2 3 18 18 0
3 4 18 18 0
4 5 18 18 0
5 6 18 18 0
6 7 18 18 0
4 8 18 18 0

0 1 18 18 0
1 2 18 18 0
2 3 18 18 0
3 4 18 18 0
4 5 18 18 0
5 6 18 18 0
6 7 18 18 0
4 8 18 18 0
5 6 18 16 0

0 1 18 18 0
1 2 18 18 0
2 3 18 18 0
3 4 18 18 0
4 5 18 18 0
5 6 18 18 0
5 7 18 18 0

0 1 18 18 0
1 2 18 18 0
2 3 18 18 0
3 4 18 18 0
4 5 18 18 0
5 6 18 18 0
4 7 18 18 0

0 1 18 18 0
1 2 18 18 0
2 3 18 18 0
3 4 18 18 0
4 5 18 18 0
5 6 18 18 0
4 7 18 18 0
5 6 18 16 0

0 1 18 18 0
1 2 18 18 0
2 3 18 18 0
3 4 18 18 0
4 5 18 18 0
5 6 18 18 0
4 7 18 18 0
5 6 18 18 0

0 1 18 18 0
1 2 18 18 0
2 3 18 18 0
3 4 18 18 0
4 5 18 18 0
5 6 18 18 0
3 7 18 18 0

0 1 18 18 0
1 2 18 18 0
2 3 18 18 0
3 4 18 18 0
4 5 18 18 0
5 6 18 18 0
3 7 18 18 0
4 5 18 16 0

0 1 18 18 0
1 2 18 18 0
2 3 18 18 0
3 4 18 18 0
4 5 18 18 0
5 6 18 18 0
3 7 18 18 0
4 5 18 18 0

0 1 18 18 0
1 2 18 18 0
2 3 18 18 0
3 4 18 18 0
4 5 18 18 0
4 6 18 18 0

0 1 18 18 0
1 2 18 18 0
2 3 18 18 0
3 4 18 18 0
4 5 18 18 0
3 6 18 18 0

0 1 18 18 0
1 2 18 18 0
2 3 18 18 0
3 4 18 18 0
4 5 18 18 0
3 6 18 18 0
4 5 18 11 0

0 1 18 18 0
1 2 18 18 0
2 3 18 18 0
3 4 18 18 0
4 5 18 18 0
3 6 18 18 0
4 5 18 14 0

0 1 18 18 0
1 2 18 18 0
2 3 18 18 0
3 4 18 18 0
4 5 18 18 0
3 6 18 18 0
4 5 18 16 0

0 1 18 18 0
1 2 18 18 0
2 3 18 18 0
3 4 18 18 0
4 5 18 18 0
3 6 18 18 0
4 5 18 18 0

0 1 18 18 0
1 2 18 18 0
2 3 18 18 0
3 4 18 18 0
3 5 18 18 0

0 1 18 18 0
1 2 18 18 0
2 3 18 18 0
3 4 18 18 0
2 5 18 18 0

0 1 18 18 0
1 2 18 18 0
2 3 18 18 0
3 4 18 18 0
2 5 18 18 0
3 4 18 11 0

0 1 18 18 0
1 2 18 18 0
2 3 18 18 0
3 4 18 18 0
2 5 18 18 0
3 4 18 14 0

0 1 18 18 0
1 2 18 18 0
2 3 18 18 0
3 4 18 18 0
2 5 18 18 0
3 4 18 16 0

0 1 18 18 0
1 2 18 18 0
2 3 18 18 0
3 4 18 18 0
2 5 18 18 0
3 4 18 18 0

0 1 18 18 0
1 2 18 18 0
2 3 18 18 0
2 4 18 18 0

0 1 18 18 0
1 2 18 18 0
1 3 18 18 0

